0
1
258247238486442046611250651688738897593860441843838687561605011014027558882436850059892715932913486468258123764796018616714196273724751776013733284334885938544685843659606811805430426152662366754297822976241343178080458724538679233633995844264804273341431158011871275891582090042173872522329919782981607565895184893678359740935027518090844398356850675383532549159634109102906354339412344929698786632071063914027026618000079938165179656075977282109345705235763750640804321657290701832999043819613693037547911327977314844307957570942544323673083651543507724415425369380444611593686212741674968066992478766645140072797
787181215850205727730356356047786176335057242053796667484347721448878529444689777544111153925326135577612479905282760569255922058189827086923137112490511493492617301449680908651188976943853225364298396178436987921206126942376348583264788816611050115234386197582240992520909613639220601394379013756176719526100307780118915082026235132610531221531123150650716246842224956685183324354788254923323764025847599856935319273579923377877323056377017136726492604675916725552668246324145473943326196690695795117523473260553773776429372315767538759637011114597740842770599133198593110539845668591680959618042387766422886076084
492833186257710014264206030764989251833482597821788744819573966643469671691789193606346815948313155222937506377793040910593736350857789756580342237008066318709909049366669045985213631560012211792353952607164257140497487484929401601965051539092876747900655213253350261750416814016776774493701380322921131392223282148872597326132335554848490058285144337976413829715259015747203045382007934603600255624438762880140396108418384644161120360673982559870244961005392572537622934616761315169091102199306349787307170073896301588749523009978128921933428301639675655755734469941156626889615590036790713704251995757114588038347
380354652855488958850909189545372833045817622932314611537550283809352811310003730786807942258015505476949718655549216527141983937650092996441227305445703460982017513028418898767746411075635096595995394980566130817179843214774012002840612829344966822147698743248010650658244125979157634917905630059509286843614661001873285728099991478857183427646414112300782489782921011779200788768032610676904670802921037028141600846020803114771636078597133627749369149579635860662358244013915148333861875691764154221446825319716065105903570811547734614221249562666734807263111843702731358989607061374650382982343098574955064694646
293049083355234121046000868363513220637093018308858432874904805648356956058113087431180633949493545229695621445882710420622046444806048167706947684608548017064110057521763913055643739650212208638312050967480732354820825503940871404422922482620571255227923142089182105337744029187635649195877647026357353183243952616698296753617091659961202200372612604476470659939867577396870243772325080453799326772130870596032471799013552226458452593636092387426879282467378867806268409363665261766907771793941640993550229313078947035548085359172289342746133276733796177818222375108957912003809041666705156207219224304473474557029
827460674191532297100050416154799445761210930384513048307900781911764256962636235224977816242109143817426527944871756909976873278899885650377419751524875859563400844920401482478337129047113831089943689717465526477190702560964587905398650001972310912916447377740341672387417461087898252366328499890494055783521294342818768658949218980861760357145565914380670072346349784282735228679985211212830248665480928097607516651123168612675266435557130753323310258445629262925769199447598281628715705607349232304220414563383515929796767183313891038294734590204636257207148957380356443020521391029851978066335142107835518296988
936614037043674606679389645706700043326043383830797063929584900129958881913738469821522685487314288459947623112122974699207394880692388803580150735796014037221697951574727183016015335213721007379624427702316616405435497880778306948732996854657607236314784706280022147152190839322851416535090394391734004013344133793992798567840303314273264029934503723203145284340418858460267355411659275676821594289728430264094211695192232667369202504340294710676865932923639220405764791424254030665721251235461257340488253646457684435396949914251216047183603784609642509271463791433627832474173011171199620491140652885657996456017
753455558825230751721112430883713103573164876857309047474666908781884260311998609252345053203157756307931025324751978039356716701198188719876594009418038277347653198227241932590774989124467211895111175880832975324552647596732717501198893527409805129881264821360033797204232453880101632187056934562938482128656271657325482483326664089976925130078526906173047900172414811686303090341870180257110921883243944468744028282633030747080172530996474502619831166757595996993250523026358137777463884484683934529877394712410905808609662346496228946767582992851770404775030272520690195139546190154922845310896101115391533626059
796581667781391775156439455290186869789825003422680991987559150043600610239839606715374643299496484916320033531949168215825914627955930618188850544740531332965193258576034989056672233464752190369644681478570694482050190125240718356293996703896818551001291030327826025654198576116189875661688724330924402449963441699983543765771359916364992880407413460772413489386802931141924027426824594825224678398288996652697466087033948096831853893156378987621057603669332366338716186228550217012335687330214491582814678051785495555147537798847462147597846710074164828144869655490487334071744831390842938841203440192122744151392
491887122398939083278709918050704057710553696428430748461098949621134920743428083247836210529604953144990717854016855737748572351223126096035071334383653056496360807600492454508259220909260249780650768176968528672350725737785005909975026925149045831550226582773583183050547993988734712763142185030556602021013886818461035615023125024014477719801714696235006034079245716495476341300688950269159535558644509741820426736608041561185927272071147397005022059027429114572162438346087230667110351465565582816300310288779194607425278770464748872474912655170200588907020484696709199085949845702801405434680557155898235692927
382863104046473853135222791194431056149986698678563431557206609301742493352779904958371012839144031977846322217632142199087612809003424782374002060868616921291612650024836020545334426286259260381184659273351117517551071285452246928336437466703188313821583644802827854222364641113501761529342331305914822164952313712172313404412083967238544742227695255832760275053219924401097914344390141093697919524242349843930576363741076782612872314995851487699598732201089149472674544885905272820722065475540265563078010997439540958294592804348132684884922187456280421015046336552926400254695031703082983996018314669403238440588
284095720575343178925968769642515826471891882446602287514982936978926315938504251128685372125229226808898839358408150897850444963793191114445805325412335162426274815056447206819980422765818828807001611344773374777478407777089494657185234000629199445951463760638111189524890351369351077202380451767795023762882386137966302522698498838665489320091701521485121735367746500660477993614120809545875119426092513111674275176698004835490711700329717317994578639102412074059339055746655186487266245445898173180644634636513076791233773140182454682889316123786783372999867767274426212905899098720169314781808083890911531808824
117161650292784673730358622144072364668256570771354934135902072537521145131442315931202528410818157888782912568547402114731967754746770577790104363570074217671888154862610411117716628398972904525760297252416826564121073271431851399714983100150932107384004337018433188036115374585243503128024801232588096893887627550919875136383479940870833047699295485497067735852782547610872720928201937070660987716563390366311382924284510956352979284603686437973677117780648805644204403348541135941384918568403284488079358756043870332769392173658421084078684995615265673863386545203533971272177569543098026624936938133282858452460
922926362312442453017285469721237316539084645157490115790525380021135486184457683723668585667209180519827049940939052292100153128544471305499996458758822550644936661222816113979532055327180913487942413800119511906254006404270326982806390853957656857098491285010989445908449960600072334983741550861848429040255379320365099002767593277769338471288169208515194128591077214693319372251461156000128021376442868271335254309744944186531210360780545183761629072830981246613054141236978270106490912468297958415666364741954774983194631409997453474768353178167976536195123396960949462558090113129917788807045450792915645010765
721504750160287540763924389341103127029817306413618321359771952254032892081722113097521069335879186634647227005871410124938386586895386242375656734520669493429070531115865926800117592298487967212591379467402095637460592594465626100546761580990891634507316298552009291337878702701609130479368330061352539299314522902677558219100986463237218251707798489883176059489429215541552520058415894776892361629313237821925873714175557269588378088987124265133000795757531297381671525417749341348839511977560531236534205939359360433316002481379899321338532006823768584635602916784840228366059806396481092002805974260584216899087
694776072368820455782257298351155980774459898334394312294991444054419733613038245552144655485793612459660704679972849480117680727649346733201741902323329601501144846605033888370022907213681311437209064263219039832425385304005158852698856662496686191118726540748042132525492710619018415190526789220915513138736827157765384651542326409351872382918551655931699651896242595753407622648447436854744029965450563595032083749285228290146046915318147974209207946459175692680567957871489410077142248507486701910784601211473220670991350967432359668892051630677654099672453396698413320401155603109681419333327785746820653821925
892748912119790859287717835697687526563818353668025481040020376574047744747281251673066655523728013490481834565926062855678952387811170732571903714882609550531887001763192667581807118949128535900959931962643023676793673766366511011321537619273956562436832052115838686164251586914298460967313321565891602392893218952586986950833387337267741841623456421098562230434040056621343635381208565988391357250954990668380796524096350157299480834718326953791517840847092127481588321770013338785684408944855261492205339706468318482217661535414240171690014850154963682110168367277098774050423993437634041401949043249304823146154
35909588349932932905026115666127163720347719913617354716187422824180856569790566027790381255147849055196901852275109814592036770165856310315444490047229713999885496024648857276243574175310531804784607997181733282886760952095794737182480604439370606479811176760587451203221499980003634570164317894154015582209282805895568924630351437612948215158721355357029959794982830328746825249179033667660024858032731975219754571746907753780860334019143449710584696964347538486147119056551815413204758965928933872833432915414785964759474568753511758491857037628931462504885114098279671757919578064653250404924761419165224140154
345858047079714938496224106662230877887887165219075477775283934047799919417484600479974541108511376239468747853983636754063228910055423142094376592536846201451791405030829453505355412407062501144090819377269080618429619800751339446754098961767559194829127570432596089123706070352474693233943665774288916447744328715563146842729649354429251200911998277538489943293431974712985494446108539648350518091650441329559220257397006404647596798897572811128351213492215840339025276540933620203601092175595215737863298930782319939385706144263034890156318420303540387183644503597970891490362017804046091506944782522375467602318
932140894608695112220787252943069926386715007174760744919838511821069484670843408555916785526312244526311428773353106927387461986814485564751514392403683769339109977826051172094730349668902690917258470799526599520463504448412320003989123432586299612602300698443483356939997890317219302134535401584797214640302072480232425787679139578433191889894252184896486162777237032144944997932166739602427472251181776164168019402670243461002195672203584259495258575823589166470822206903720995023551733559006785912770440715157730653845543678142774601494441834614725838823895173975812778950037536548658061928501312010802565662656
661641010805327872607410177752515748492040956022575465140438199448962574144532809463520262346141488096835710035838149167344466988899822722240986901185604267335322311364709557159500487313911831452618207878178257696930753595505755674478719557472848655294852233620406392448771534602028757624655154627919484546657456593187024684098987517191499724279318698369885077222084092424681162954117972124634258481299773412118656950464455686587465308819793489780357735662699154352087046793235277824950152877196391881916830752519026103182253420211313604660471301479620425883780571618557849922863795715742334682117077747565357043853
463895079691128284282271435580871454184425199663557151485197863211420050034871770660876851528910927616251738282408692820309748839193667282391302277795490439062564103980420962093131101863494591904005821744775518337200861937353135987745193060550800867895986021536825533035265065409635265955153292824436614202342226873603329744575032676290260290518036808656498076775378854379947560463623708724235425398811214970418827319033114679186691120886605314921074932462505756894973896391803588026243156956836933730524611739681797957194129769996490623848483307568241571574927843808914951589990147113970817677968582430576990951649
636455498716022109891441215367148253663390395547060672334032013995502174975325701505306917763927633126659916757865521123011280011040119964894162571253723646889893838232664517837323831068330788385491840193859236003845251923017024667970441440995786949732110932184186190106409502609719814343755365122491329069146095075058800942454831962743957508810565996736962751066536674848877060683977633824124433629046778625207948775009105707057978744517377907880638492972355470021808944222850264682885845005386494332407985654047776809200539870519143477151249654977020544587214063537561396013820976559168132609828241434570233141995
880688512982966237423785491706694440080233187626241077552075585289200180958308733692986302052150331742589555518012405813068542480827512456553461108880202450809726153486615056235865342091348279877423621309676563177969340519527190720197917010901028222463256961454196011134677089650472240470381550435413502438839288097319808122976989381255687283580632636365152528620108353953576681123174889716775678408158874757285015381999669981584863365297229264453838432428818673239590946802756967722205869590212690916163675650012492510669569932685243151614561899629519421057521654937049206845758707537396750763779725193027823525444
784162542351110889020708763976001196234562339245333620792860561275812248745996094640819114067041870248271341757997613870306357945712234753415042327586641607438356390855444685108939530078034273008570013321419241462465128264278479639931673582008297735980487097402818557049671506880029370920048517796979762878493773192568951339643604341768821160150562800096335773372322254171104778434453609941437641423569776627323659043207151236866143766292145242032182060929870874605234494684585569529738071969367139296547566752785434891194476548373325934792737847238953356862631138183627461278237941870403585254020469649755936507269
26702784406415420618657497106130655527164261727431422426564741768677331558188762703829007813683652633095833424918134811824707957090218080813530765814624394436751601535098499593629757019912858056083772950355302724710306017616767630630682657052914717936675419503997789871047951192594476970787122725709476103052522429899083868064759877930867931283702383528821984955141024839304091091197538749489032239326238207518620249636292626070237109448641562590548120150683213258121822088699162411438671083658384008529034462900522651910404044049275352771481077571172052487026331509031438774680385409137318454819665179276059739148
483279903992732939478578030080427049707659608686861417352316936716942590226095704259267061778452844382111618625271478038565731445479863949187152042858134271799636117035173576977416945264188504902157767933321884912489579914328901217133146941318600512954694526977727510563949744151189235849195195261436187852650099620908353926963113464639902475926316718062752044099494519916152494291386433243741829120541824541954616112293520220643775661192923148807254166040815363161644580946008586280887741561086006606547528834352954392514718982341432588440108496372002031420021133349032180958034986186425176977339854569277294325925
428659999930877600206963745716825347470432260660422029822150147294297564724816525671029116927256732074410904330733900931264098005811350712317558130571193995703945511328890495940848256335835183856691010987725020951729867884428334632854089146236610054908917903638204673437017229681716279031032836496143966305366915514680147397389929228776530284377676278438253254885023515560162189575951155084030319584626690576302894106121752191438522773348745326982535064720373408537799754104578696438181268615398381604489795106684211102658107279370328949947111716489622417165877571555726355800041767036562489797736858370557440114991
802368376011611861519327469815052945907064432523815692030323627091908131311897046405363600132995169937838170341641164136118122594196984430101735689342205636361087978525381834520741374236545047483318146883892116682509180302172848679063813289657634810946499145466058422927394719674499334960375759886140182427259953522961610944833158341325219634793697229750756012569861005005513997478839653295815493297981024736401635845413436392884877769558739046247379050803561729404970566837860449441222312302818593125368076701765858214933216139711056084037700524048538987693617836457515816589748891083589762421519021231049183123181
935740093990194819397085088498834249786004564243219963556394833576199470154951955610623570482482073037782353085902133813536918588009695443931986523373774005300468845271655847292863715908711401629278655194932241555937398295498981162170457539404421821320252197345918000623303937197775300642723734193701878507597202827651231011179971964689371743121085040844361232241769423860342440301396696343708217078329213354593881254168811866642724539764657722090219766570718420726548195405585087978487035886200336505540742705748470093735427576891209296284877050068640959616023735274650025499259236256143107425413302866268611138021
196651125726833948863830118485872494853881910046073206770421146552605996608766223687901371197618147104920509454793953095470577043874937108231574559226265319718213325574455047797471287783184947388549423184719268451991789485103030790632258240185797559819200449013216029431827587231449210484729899917810660092902948291596399017101083779618475325895326406787427378179054651943732263584602079495400299461804295134209052983354486653018521770567679830329138635584002523096358780257854848165707084625227693647296859760301455322333243456164753443051377110960611482153949208570410904817673612525140445604363746618964758185615
690948842615394088609728133604838199244032944944555955673976333418570815792059106186726201406324679918754272861318343595822932727620674968177862883469002217383839246607903034079563215960789559627334300909786851447693759215008976735606627873225796202057401650370055173267761692727790854124980889688193487399308169002924107667116804082146220336417165660496643424140465004802986467765395750738944684701638810939043717215494106000003159048767716456955698289303527885870278439597103355327154866448613891294585405894751619214240836722085095209245904318418342196197911078382185654507201546216592415645825569085100954857767
497757097993199990737213300258484283742199561782767899329054623019358459025759938397838219654588245553381146524656097971684837808377650089894053239123450682058255467170904004615537069830772181994906160741861847736440337588041821837977164752795486353010124885279569825094883305081951872904598074265577936759209231326944596833783040491783714749174304521471649321580598048189070364237743693290476955103404458041153680818714989956046502252408917074002898526482080311830833320477076878644068825418379625764756851991704396175947942597950954260161858717060929534978245699932824093744786153995557177521965800545757918241529
908140195249910248231550910811159037448986462692431541980362850608219436600263321246721675945548096947914743883613544523352727768165671153913279732281508238249404672413248142089421832826812510914573118761673714250039180769356996279211730992869465436521617988445721354017390700162070134876324213136747008549082843156535780488553450346819660864153660021045398233460626112217885450358632277850665309955407192654304504071022302174521834876815519542218453251084756149392875049379003967906283489663055965782799392575454775680301430972775261260549373643100500986948781898087778808059261971394616291593872240992317477517575
651530867540232294316860770743649507297966535070339127179382923396009506386850273263579827245933052071587325795795068964552995894630848036819843479478507118378313418975151005656075626384773179090866036439901780474198577043310461525822042004045134846396351997433193024836364413855631693348731451448712329046713550937170105391269235457664732233063719111626499992765512151573328217852565535064969104964626467701017284706105721697097975379261366589616614398416891164980257956700377325388191639498850147495315362298427717043092011796284220823824895545093697733557035497143971336100366147235570686137209036556027059260803
760068818452109191109194036728442166414423765057648136137918782837502813517784776672364868532736984476206230801685585714449075948556981878696616568042234878897368212415880679902200219876279466040422512629978018245117030977094816162124073533980011849530005826514589278404431902727150003945152644752060083975650890299126973349558578164411567706593193942569158971404918041758261048962924507973482559893193240494976502484951701185228188868261702162131070865594856075438443942271555013749269217412924748726424920586942504831162151960308884955884788194146235931487261524943263514858280599421941324538898731556436357932418
432992115373341570114891729088225670233920824249109142067932675301609068243979195551560911581534800549641259169943622780556027983476717416264383075326358160160791064676296300612069134496518082176062794014671434718337111303239998170019928366940367821475483685427620829355933386359671408450389706359318781895363499893840631940585318483468250551627713255732964575432947030871147103269005556558721070410705627385267432116711627094046823391845776561974890226082832232140264558362965976511173039234258559477537753854292271198272822017718387363418998053308572550526515501701601999875627726767763884156382025242807535335957
233154643100655702368128504047295613395768875034164999109202675161786682192633359295503954389815196790939029517394641061063706165806801853808667634456260145298105355957969814625594973310894013658929780147081735169620592349222333975555648296894853155865637063097101759866515324435579805812476954019569558771181119899557238183780031473132337951677056304314186941609976414040417726467491924084954337015591670162918534055370275627612359365568947534022484456399352386087418232970984188548338266429553751453945160136641837240524844894481555223955886652996401897635007033699743787431649460025963372415255271510551995099578
336011180588849658031018341989476595925522957301831907067026413695169959076634738891892917288211243365059389437682442566296473780910576912244470549156525001706021850457888212089333641171113198902936003545904513835566023656375148145304346186742540529663409977489656725477415417258756640119600672861336369124090100210721359447877816431338296775274529655643293049069392169042298330771349214412585104437589230581398607293728344925911515313783380101609448280570297297820716916562870251029698198191084109184394810221196178187763580487276896199425853702953526021265503641232016917745290879374963228629083146814499030737486
38352252826805275424018512915164516079088566875695618421260167207371668165618533286601477699665186604549765128942730054268194087087414053378228548470792474566785443793694035718942752287153112396645536239892224146588514441824960505293894163187606380218036536967896586628140404490758948764293376720171708237237364714086793332254501966976759692825807052716583376537763360745011199908416449177882086199437706376121076933702928161362464185138430803746352153247787509794381125317589470357134861887522658016096795426999857637410464271518536465238677339004364232835604398533398101519355741538179593396025422141891460066889
981211462144250952019095297539244074166836425491813665912218912747074146121201080870872709365995992629021024692354116360075529901804059189337619941092948034716975585057434439973028621804093997679570300949687423688944934645704700850283417273004209955048546222920383955006065781032410866775859982613547227989908321269072915995744078835053754383164077225394150901109716030312682600842458956036150068817036251423785289835124015286820747760438426357541573325033319483926132710720668290170237591744107887195145347561813009202644424509322050333042680199789266691134920559425117552300183219377999157297477371240374224861478
25216731891105907958281058911569128053961506185927526101376666204756726466210611304195323525130183803394492364587058852009129384184640545719343202905056466179471959238592746678278213325594157073144025263536027225998850096000575264590105387829829409406872412098623847482830775294953220024922931673781877030750475019295258658616338800061002427292716733833767129354317626545673139675765724187760184760926019683261283401065626152707737950367607041186880675389055080728700438340808765706774433416614388284134288199585311533724875549975343607148225376864278952554040943808089116335789093173769054805427790167515335760531
770831602489019542881694405404101805224058490655523557983808938953332312923062165995574680809258492629834965762614444139867267885989150088525820580252368831664514057567199175135983292071654966866378229557915182100163726960418047627739808300775553280198326493209993823365630086698542120678134633692634071074697270953881431250436010127324470827099545601448532343423990336581623216561942240816261340464478226911710378443249258347340460724570310398084192203690477795537262037079297688338605742049269133588114386078174885878481579252496961382288129422585285023179298063850271582112394911220888484897785378095711651907752
423154376267774604904266994436951846701865791680864671647317548329826507312441931660318435337898413929188824961067307862429928449509388498218660120051900462037369948074783929847073929311002714345183043111938960901356528099696233159132501132388857089019696514288512011382609040951459440593461187542302417161248676504332197859522121511950536867226185941153663992360784862526128899903593780885532285187709840350544719002728470362415098917348296306866281662916799545882911302381054110610814874140979808789905759268545778905557121636453211742207888204248064271431368250426891025764083043377677196369377867878871290646022
5860667913936038744653810525683829206221371455127373756233882854480298262363943013593613614086123232726524677813732437916092075837685350196595424553695091881210465341929052585699101279631406432749799342994440858586860663496761118634430529481587534390501048522613688918182660211517375139045392374732579475500073676379389062759791664920715286282470598668833440562223760900939113275172404251962992053641847958409365420218849917611895776797725262705070562920446423959794123169705803765326593783919340683185060421756348831597949234598036776641012780256711136833980351216863796048663183683823877122588366440180485258175
405594385303058218739189418811620754135847095052375908563218544774372240297137954877242471435336381692687266741197976026420069490566710684667769465767570784559065694146551383424386743521177270672220128044042549872431759169476496948888655675964458957463311641458646968552382494549467077837046576399536236407682116299655819950352184155630564295480931090159424779230661310370170093951737778855565706368193672309356208973487853657630300680055252458320637094083923736903813550889612246285096229034541266560260794656878837510443369058587473761868732559907197932799427489163782568963075421262737409592423808423251947790174
163008708240820063087644371439846241539763333910788352963300485687576230895448513025984763694624041791534937616296999889539907051135021595031745229502974562663365513619736676696310196570250683041306436041388619742306996357495955722901311674113842274528454352243715728014306107211741457192749990257230333533520051051400423579265357679567299070036170728630324412247692353721125438630734852598774046932200054643254764755421948098384544083997722629008853353387176102057963535336685960990570615532066049481632996911262366825404119217344837410202665353247740274196687237922672483746808207909163010750667180105732976219707
898204536525815816203497023949976054392622770314838179891955141975596026352574208658239916569813403513175403578594146661562395995744522268475567030263782317415847543527308069640874367417296505088231204614871390059919402020316515666632660238636105466619506446061995593865373846878975412146506481686768220971004096027845819262230380400824726070661091670751179969248470610911574306449623397049037842013621890435623812448998474600501456584145878440227231107334870551243741072424027247155655527983940351230987181482398347184179773763776976605052385709496958299518282651383623956753917738417441209127628095567692170909321
504146161549885292396572858728297663135204380547813987712670461808879169262098859004735103847304884814365591534724873950909208911359619963448481150084742208832885852702417473320919188803054141535230972187553605833335349615491852184245141774760290120740765436662543950710547114775943556098100044786341626879213173672594126178374767151689840999089491049426882582033981025955295745755276134617194351466185251566635324416928577699019910029721449504626501145733955908850996671772998842305432401737674514153204877394438016454392581324444498652498795670407838277438155655784631653400316966637749857184294123352331577347901
975676030852861943724002037485410709457457874313630061052179024557475706200541253569086915870775842810491045361748309349445045157349882608303065154214520456986999402707791296780530688958400771687705428470214105397423193118215532471015177100189389656125311912039199497599308718462364532517229985486220507777817888979305669083572163329692819860739187994135061938688660770697282046710493115086027038852885900466963585183664414773789283916914222322027525149389367580736683733602820234578718675892892173774629520889627288852889719928892791485052669073767955029158409032091206422837973351381464742848177319391324702683671
217499173007066429834601228608132911661598238768443088968478400072359676081684789915943328991498665882576013611441360340212972878642287063945821395199919340017628122284296636724255364814361792150312788213394331798696490615797409114698984572223408682987265316039642836939811448857843847722710010770661877837993423172887063675073335862644087717502130083500400245707058178422565970895703009392281760007118304800318948028253042508419539652214023666541950191121390904026201484647595916195055245123753053369723002895174078289279397722251492305400245268390204469602624652518480290642112617033011712704984056160295667588801
906759352984037141805150833647274883797043322057496413202082657060585951936644429133887289549726693219280754472179123758494381452538337981271653020210855835910403723892589440321395542254011643658022876949694452234965118049827739185036048665988194532428106371583876958930241023254150949520371984628017050483111503643979750320175481449216307420774312577589737929551212844626177411953221431600887078208267673175307074991797791849176241667507580936960845856777094068725703366487348197756460474826985126382955533017214325963716387828098705522921835662324625032570601589089606227177536374969875979010566413579314068007885
640379438090505478094556058409922177144030855654642800421296088446457920164689153301724662118110608047654053090754744771566366125544981723654614504200986826150183812312589741902044330729832657345677320504208092827220464611269009220872837601582242527460457137674809462372903439578898277714281545499789253596173857821698908163945189583949271550997803210890612880781121856717395696196622610719579036252706217543989969429368106241426788933502990840384829143275770588731390837443855981709823827717012318997393670894200782378784835338232201654966577580809103936644309749613283764031793367461994715253808457269411960248492
17107490634516659468646045328454055985285728159503372330967477832290952425560800196121204391339972534876894602631201233622344866621454842094842254891801137680185502573583970864068485176378374157662726336352387036361532730540354070602822280620390365887952922089345748306522961407062508277915618958946994786522236868806319586007394170441103407164498639292221427447605865154893508754094892523957805870948143543786130610353585862464334380037636099211461728308579834369286852257958378356483732857148100513323015604264028278327058319362988411574896117581350759708796351890478903308850933895302012195060165871537199827456
583494501860100500038652482382779725106175266780518587215663115061514356656853718013630839038803928847268154523185980421918110266696177840290658580370722351889944307673351335212336243034302058480567119005274369761951099356784423644363813037433474290645088538866537749496911884469934973720229984837066541888331605153712286377864306986849638290594102511664967612434529790729164429172252024888738021680525827366071644381600522338051533486691480103842383974269829367963153213732399369440251418341821364130605263511724562158987445904072093810460651706080952422356259880527810317997754430594329543929491092150916569137192
491748888084927930793389986757046079244513566102344439381592328498377787819231624047699379523265147356365231455673740531812704164599335406587971127480324147631261216660984927619069844990060629854637383034093380540762738641506296544387896910386901624707721655418737432685181484025798254727218540364037092957623232707418224411142929733587078808086297525574406244472545667627146984540383415525675962042523267063575206618255602282910005907886114384197848557512880737261422141241391017547138620083664308402973659726710799137427337008216428542702961362788116982265023106350617725703077363796870224557173541290851836033984
72091311705634039117470343376340379668340256811943975686591307628846045146683487215542913726527992786993512250593533116661859805582512219439414656767816398912384546187599815985938050315040122721505682710817233562501084060043805609208177686545305301968551510454496580700130283186089298141801043751444457998299608970200104791489669713617056783682908074258870869227908332539053947641930722308597947104516517907082093677830836160770394950713912521151693977374586700828321658509152883104629370077469039369671391994127669725140380641041794044662758485883283736149298529854879155477208128069989117798020171987131581284437
1013062141403106896138755306940437466043826163025701440454381515958072209931250920770640184635028024114462706339865048546986731240589185036549602416290376030093239644205786953310370059036401905692213489670656116236898819169394957415628083769414879314483851034133650014501020329722544383146256090620753383070294936565112140290762748891017635968802298142502126003570534225546029121300671755655339858348935233285701762295514259880813497021022500674131222316780328001039585768120807439072024034832834452751420784868123487693727918479430357703918271535967471211939180588627063077557954733749731296588794271317735507303019
356879488393855894333769219181823486580015663542605782468290540637068634518292933370957817005664005718420456070532167673094229145435874973834966781665323193968419198430704451525810173080508726749145969744992224326267819367512929403394443569200030277960420820297304232200985180508624851213966048869043513490074060136030696400730593940178568925898693636652414954929885809123419826295782193347810502115210983271202129467208200080900241811847713655678708963024790238694664805980750783127043050542874438711556594825408033919747295827427175670512864696143904330472627630134477598445964039337219641315189192364600534387230
704685584434334596380507632307022759488339124491530186365741780958389507817002866770858411920048471424089336470813845476394391098388897461899407941386194013318974215583693488176998800164330492383452343403579890693434513042645126957608494817487521732852706451174501971785564202369905323633201304295582293745054873490793934859590239354269353634793945934343013898420376491336034810189437973816439350302308380054860417626008323544787001836930892295356871781668217790156513818805397865048598672510157905540585785105138075812815946347946347094806902702025810045017642782025718730682153059859249982625714673010665761066747
216549106764795235694745936541385684275661992294483327248169088312440246386680701401149639644482903844591059623890879697834187456032074775033596076297028769427966069478993314903323910193450524603627640283517413008084319267335543485208894063826514868633989546948865930920302739634999128984403398000889828683444833269135911808128560951028965362425370841973654872423455434811729673245430958065948691284317537930822641724858994845159700285513043989137468392292562228451857451354912346539251169951584682701781224225133337564508459243199057981648484835523060166600909922501257077123663524245487377772520391893158181855984
476655395570937149158814607624650796459745384630946973613475455815482487468114350366228090828669404698038152362904345510315852389297697847752629404567845514615832554182968654055247154945328596626214942663462745965191133121545020466295880876505583271748562044452702857478578393710611546416718533403729963023962427748522441197640094636662619783848571190627558022793719864368895658326998098619053540774610959483662387977638523595250778932811760880758152151264768605984055173389957740181158227572241959869211509973318357574313314825128272267553178217319941701953445087787083555126226188656996913157910823659581621665742
468795527655086154445480449444976505849586269549524393400437669832276304981071807516722971142553217106501755972352112086646173683963123337072103584637308626177059525980770910456082154160792741905548036566542484780137071475790222832519084822488076742386546110586219443982294060532637471237906859433211890951334714969521033816898869872077013152877211477814076608447305666645702641141481674213704832056624314091187366780028276355386002902309551273937263248160077706378679254829064563251804820425418568034083676275941801923607890484016884699174750010493789197694902539402063132051456743883491115349770827748669612852358
839937404110952951208983454497041426380778198287323342098773428573408885314105823182086199541123355827567902562357729431150791191461775624088506791497988192742370566815052190214711054831688124723213119879553465688101064218130390955675537454894118358526441126357246350515524059279391503219095246220086048292190495626051025540338711165395097705852332420811817004579962166988986201113788437922793290526626890560847496705367855989724777186016187233681320807567337713951879430427158644727329338586973593095596442072234044166670702299299680712305701078773850020762637682058167527592772363258986202783227695744907261985968
848002996229782701303134648539373124465449167833868577011654561616141622589134337609958385393678830952335973065329096903726206418945525218042081060507460567953712536647339047511090011738553176419501350119837286267919846223072587402289676278628069688330344166227842169908918312117858662761103881669851122056218466310554567055255543490365602371209650831007772789955209905868771159506316989256482464603735136846235613963754355091141422771215664230078125665922953832303121830262764234167353179994514632743856483783482189903145398098672250840356766537732613985520196500608334190007884118347658393801460196931464632176989
838127301161627209447141439349876427159465142165179480345808925005371162747372644748441207721934791135241685114682931858406159691942777977102596778453080162283761358871512107293072789751367612748898227202112492318397880881055924139052887395347714374719374712156098045212054443493698992425786073729984346841080236334536344787300728243178920486285869550853875802258565692691388733338071936935871265103120709250849088237644967549026188622979542883889744231933889974487044313008497128391515352889707498995829481939547579051118357356612355449369414171249385478085434107828626246730144368996650649998347227431403631750753
957438644430970243142457503309002350467294364860531476538324883168134544867552521103268558895520308017605734362746811904604022404410889323213966532560905869718934616501545547175490930017438409005243683542369325673037198573559196846651932925899875985818057421864488165474235913078692496544026434699938455826995882873770306954082246685022001140567950890976584374048731585755832502559705090520146304397248759683501405926646438644529875823409314144791961612252445913203966147788288926317944895116609883714184725848135929185085820718909409830594533707755921127808412918422358062051745754769054549230779680067479021255832
771277960631490246151259812219189020392912619934513203226409183269007982425698540645520194262562429876321786166484888881901917050393429893612879949342379302677834047754246938739573985220656713489801161272280944721017257784207305280847090313010404859805468653455243494441834667460963233296989415396122676829229870883409102614208730079488231006827679080089978983965175737938965776509197852199258877289678250860194275429296841652730587550922947132212404721667136034604279017929705010091293636234213790492019269973619060417232195375148460451955158160245318839682764656761431671796280702199574225363692788059127312462324
217184256782675868395701927701791498892029839434229028773783471519297612015934673361435198727876355183212971340226754696957856177642148286910214588030898171835545155812636618585438377668065443890015082735830251052155044522383931123814762050178421628184943118747142916118486248301622373270520016903185030412659262072405566001292048282794941355173378434474019440707938059611556277266476463700988743448230595595836601188232336037293715018857925300360688113107236098533681728767639851672557176324401672760892869850441373538193068570044439523329906858981890237590791824171220184280368229258558150611935941764379138159227
1014716222943885461445414378789121906717213792319098434597205099444267245232461944639176244882539413018265798390767237009703880198489820572900078880272341230598850357831940098826398626305297245057510753848913293356096187376828330336787687988333713084582790854519770965409229223821265237085850958213997505514942618925736004162734120044132931606894640155311424367725219097408636426658309766056982354490929244847181916458813444715485414294196602118896350845147176429154352856335179550932829090983007410122812152299748266731544633252900728473037759453967772268820972651624672049755239324853954032104787567011220004686870
1004600868195500844887296996269247731321473620082891316808681991496868866280180926931135157644649902694138300739223571829806452029152971562844368211634455868166518273989715589018449015776684507654528773270912935158546842710814536059847076580507177336851541323276246398562375088207631636415822488999071152591901139558823559721037277510606793168543517768834190207086844008173800409164306428969633709265341798274090806604305957922983354656805038037107986123704402508718324264065333293269266131055200695411544456686666340035224447056795249082469453548421148327949435045971285757500309356835034204018451865395510371864004
911180827844023205305591859342992802905598998132491536095360135755620034619767739648197196323605968115241646744597149000835989879346136528179511775793037074693303587136198431473183004588153737551179214936745243275365687447016948849490262839096611989042493814478412792403011486830236579401018271931983703253074961480429075251483598974343799539548661966433896938380099208131597148081544912456381844637223711878122745042886981921875854938230782495737423595474085063108242482325204217891226787064318349608568650979292334176859547761021838927657104036712998563769307567326199635466844386594588819552478018058737018769621
165134173162036637425552000107497026691052431829731224211051062616620316493796536040290524960616292112768268970655641159318480111589100110256538925208174542377925889691627334432921070022566005060027026068268036390887003991618487652859647601917632397163783295090504929953588644574929080978054044055370769235350453900070404777032284548646723680678052792769344655954606501354039566775093155586870014641016492104534344219595942216602197476944069534341191636196269370976808903759996703109215183468487974328154563653081494967756783921732238641874152117500925981089677416187468123911108407790086286368027354478450653316810
159573102176678150451318641001662271465449469896844485790691362674265504946089639149743202258924190858844831442707064579208868502614689573189828043221869235892615882507724522541000647566629835708082318679627901655082481906609792418592879717996911117880672604597302347456562765029831145085078785486643948711813436250093706241354940430041941469386249133065423109012798805021603958629008877007244458255942637132103328673769836105509088903390391624984379101603826584447152894579633165831931959712356839665280904303730921649073832312381713343283333054725577326516356690407348932762942688500321673829415665593249098919000
974454915993967268962215933321692632236724467557312078639692304977980482915522632439325674899452578027476474616315874994924036033409425738236692786363538803688834751760469561475652501021485072606340039380882858599976476180209953605913473089506069287330377660739386444921213155368492760571935615932503798258606719610940279874434292273152622907665537814806454533719879730930935053760713206042642713725387576246401416809508084939993158108388593609642590673624471819143160358488810130877398921959771823714960907021549042961643306441746396956533545948355576653700369613014196761656816453086119821224433570759363216748660
341885134606508641018286717376353319041585713091591008717140713257118427868145166473702701273875237937856932224135595174307581843499481298102382445727041465681810305462178623588067561672601972718605205093650648537182755842984138874216895532632094515475287081141029385139888454898565633373406124139039522469921675688520228338770252479443969564837695326949467440189767312893217617752264182185207828906368677178869578186245422561292853981171228956949673707326087132517470951923128595798497957378193580083617171102401702342777952272343177437869460146829944611899774863535223304711796724136135138713509038434650553227314
9779817653680175363684519361550284257031124855118840628451678616552294893774610595200563952417304877460155007366351194284799206626305979558708199008503895933777733576576608788075338393624007461544358402226364035586368490970162727278153958676329395258051814956196329217742367992914885709449437411671920252702257481238540083449376883081704984415054748126821926141954868491489770389229490274622882328090286834788257261034530580339859439753152130263005418881731535471859427918541323524241811350791191556300355011012556516120911978084398936828137140906378338514773726449901869378253797031219005870092020488735355979514
282765454389065885586830609917782509430187313627995250535257759339730782597557627845879906497754224969517621524397750199046645895502640281672684605590633002263517558343267527039258344651819151062601047885444776168241912139934638894224730174635338654199412248997683902310987686505221310313396165750472745666963509150798984801916716274937421374425327278763650367662703712771741449588696684554070199124631848446660855550693971774399657304331192277891058546403523374104803854058144962091866651780129769335971998457188976933603635126306369145430806498404028617300788821413155095952745853796430414884690201943736290117797
964772464851264380280625393706353802326173658426892170369372987180895553018434744233028144269621709398880035626704836070121333092037392659634851913272624847874761753151239742910263885526814223231918326150882332127780018004828298899187317488690432732942507342716200280147125632659616606611194178049568270047831190473832618675921064075603993146260947970527233863972476566441832353827997238588122376768475502916937050583478184145404640837351452646432694895938271669830629117278254801531775647417753888087217991374396396771721435417287861405163616132068141480516090579745401405442262063027264585495663989715074375475846
719058659286843209829186644133981033651931706047918333786529986867349329120259698841733770330751011350377128730250589353240327394722111869017880752414263514354580601870931789753062124299009510476342149887206344887890167831880126614258523684606132327496296144288624743003055026184189979920990819100869206716605883518555550588888029628627882196548499719626500411105244538757340497444443344504621106875351616324818880759407734122233858896689269234334464699630963070653146949273784010746141172625269071898617995023059982988704960608285902211083383570212016475971485238775378696591043122986735230748174869506174153707770
739807078267634252984326088008093044240973022560858990813511260097365890473136184166493192549756347469760575432638444834981205449808187092696008991989814864699964377167417862176478208960929119880787959521944345402063061218704949618283391767919045649558176702512843070002549489056964326510170341163220624263844274516860832722053011227863558927618036234617816252219773523562765128427902846425495415364521663196249235734008320141208456818835441232363252680502656419893023614247512843539113239857010236933127339050588372627022468049420517646439548874724778554738562386174958841244702972361507331859627136999037630684309
913666523066279886946742820861794453153328768490075048337703919528990372137143898532860925516809439355756095477631578716167061316062323300404095193499545023117680531816847993988310754289606470063639950940220730514328321965140162261303386512705341917793285717686481455582589083603151432440628672955986038594218617243865431076876784398928338406957432174439036321334121960345139099170267351886842576090766287580138660398182769725418858993794314709057089123623164278920597587822673025805508473615557657949518987344707469939044546481217082631016770045634401079997481916817333247553492813538118020533734242123234874632045
962202838465659215348928254441732133115917578542957140721062435338210664227093434464472236231427336605220236769919793391671015338549026386202800382756171793628072047121042949148705186750390125475195472125416930803456196248067577156004956486236690904264142412685971664077788140800942306148621526396888764168862485384152855690729266991732597245636177451749714211718170206863069874930880899346937754058094650472068538467255082806851245707151423975450425032967316358946703644738389133535291232934551733378040748156737941176987115329004780662854105480356508836896245206214899108618948030707682052399104438070627069571875
483135820540232147209822529408984652276901845158524614408727803848372299417518591681155053499252719305215251865951468452368384977697599333491411127291163361836523971096365393825941321548327218723249819441416460538281492253469464296819254589325500090048958654568637656253520691757989416762840802475113186341886282069239415382286170048533365860109635621269083608085461224661294233500825869097734652782299891143699372127882498580322480294400611959336522429107462403609075884852505190928188588416508380326193714320664334075793423490310706035478106889747659605854497227071259497768600507920397405223909709103248320932554
580403731264221138176085038304460180553391354084720718346260895344691916098958623900123045657642916234901132940826832866711876385864474798165812261145059661549121992275531679614104485323518707239407006113426198053375753127137877054524733843705104420626698259755283755172066216296039576577899704168668995170366838251445966926145967403590665939540140256464103519264093790225117034947793874030009722344356782516912948072145235922667360379102209368087654393581287108314926122899090617500153023920171939596813255337531318511058440204746270315914265872831800404843026271114878436696571731612283577879368556621971989135934
233708487042127481726822442329494165754587759411649214822862020659528015964283405436460568511534771031001252654911950202241258882527345405007998518106222016427493995457180830408398978735840194302404400458772491899532547861925675452972634390292930088073070267005050925850622973082489419286746672977445566107394465329439336857639179677307233317071948914907421254586343947150392084809465885406265805473905672041546803299205041621858628205083511473594103483500373009373516071950118420561744260994993059673903903534682531580091746101984767266761258057051727903539893968794618494627562972971885297992717620694627554384536
593850176904090288312641561736223585529950611623876262117030662814770733084169295519972378914561083125556220144818927297007630904884334090988829134724151159370756212128335859318227173229832803058827374944333930954754506520398328241008778969668171656502045049236164150449026386850672019932557192768862600577842793315780116527438517775315753657017133126609852394297295898651053995574157033262369409683328488787359780600080303187091993360225938423300749100831161179651796024478395824558337530437301395933287660167399999007054907347618233386476309086638349115132253707268919084586339098039253992671330374771399282492234
563616250194148393684473200948546261161036644153791690409876470279452951869676273534592808288628910190304131324623886779462437081621734655679739093769973642173200926259220603684111406999791970880164446044599726530840227599882050514326554661968798471174851236361064938753647893808176047362091736985214221241202775093201792854623423167007277082306362531334897321468463505218065299369890316310804151000772612567953449333119715036217723771972016565015276578763064766351491350424419087346696588930064610941831449983511561522976596755809911340532097613490915487134780019055922884881903435187459093342510256251226699864481
541314755937239150456880530326412465570927490561332962825158362402230434136256840507630182236301686580717407113738186233812384086063627719003020317786973979673523695650808738961050256082483751468751402065789681826266325225237448467506087017009506419342244619401902347634951919060964518581878004109048190420498861716200552202396927227971144386620386366834505434008632405593590308393696348132947814572388899838745441883748291598537923360783426079020514499660170123345323711709521273033142801621562037807157499795524604369133233788941077624471085052019842400080943071965860895165968206970766711836014485598144238340874
240383091498028695676395464119493642003987289536919385740741440075739666989811502438290996801977901478944044152089212651232920880054301959682821542287226175163421143597868738404010114837173759911886443231156359137849139417645840293853874958279274413719310837048816416610078854975233675069868537048708180263463841631098069233821989788475572351273192517861640377848736560023328873585571927744500774439932852490326792053221231963381918019638105422439401383025251470824032913011219210935505119896789411415285583091781765429103415906229336122016068591464069455522078295104331185062341463539634423738073359749051567607519
231316046203701093980631068396668466936426572365149107402673487608879024215447842864310439069656960523931595067856929761870581854845417945339624441298260508696882410177481336349764635037993262734156528712468195062664792983944379518182671731859213720487563745492323151596062100094363300569734581414776728059993406884899923978912982095509796326174810411079913653844661299590298609265854403037480899089366558280418807679028257393959289920103202053949461600253955426758672891332787919479498862735135649392896729323621541211153857462024396240976709852722866895914743996633131144470717320458049405206033739460137704047819
856372808283587837020243906236249618198273568018687229684910198127058298206402054683808284958677909330510297116349825440279280179947069131392864655870589726264849082947920867869457435705155791496711344073967486201284401760448462427160862095028012676544461868788298191082032556586857052971863959342513783318569193500231717844825698437623029560564502357653238410350984399003574889724667684903355171557219016475481693540201034515978594280985465210798105124322050783937332909828145102411270493675607845736443802816177677853468120933070966023035762048323027031441396076979352965738579083945691817098321888100419810124069
948803088280258611303945659169035503978941227729248882799414601212996365377965331259684735199090891736954930267994853434305508642928822465942361671640788607652495144040559711914140827624799226496806135408974560252191066458903082396170894883527902664218759958833936294275647006991099240708138100091527495126208443417841278904939177317772427308708360513063688231467259509593898649995449519991738325044627125289207526398001016556568068945063953483164307093200126199726881613445238635393086742637140662326098690063691995568756431650262209678835865848608366966697792966212635518242634434725270185901918442224539211299552
848748113362938513984676941146273978805314180474625036218898669163237440713217748698309199452017689671815183021230558618584470560508788099167652375721791404200999710225449537573619788987169165255161270539843886211622352639557678431404898368410089644710357809593611471076896012504840715758310467949989612736845433043600750051933755267657156720453819011797153792129973265702033560720176721030762592985039657843328305622097319826982682778435321963109740178515244844249555575704346194000659481727241086445252109288289162542798213202260692362055924005509600762820334391517149855758996728130684763507943054647920898725694
679395134236991517025726969583396699795409703985371418785967507288931221077745790165985103605207728204346797288463941857119928406013669616515041448839424498306635921813072222329501183883263556803583954462082781485227652697080907245046482319759578958818721623311959098159361671731608035478490369992813273110001797594647834832824621128356731924691554136365781428248587750745182776843709981109797361974781512630866031697728181446191726780088485472442328069691312073142905200343213391732082282170789518042058717009534949159796300600230956907644380540999776068707472922448540165971154019337622531585814944939331907705479
803995187086435462564531087480545543559558903173023687821883333864019263352379907903944860090666965619339467231276293764645547573451606416700205896857183226875088860563921421585984072208673773485464988464735658202119629518833218005341078122634008484922963166339698202852613241291798242707397429599166890626098254721888838561863251034737927928820238936503422696593608504741301811955477624937353802329076877861118786999557940216085812886928270383207140362132175671530993889079382513820713073381479682422487278586949943415491877999329677445454995354175781755530440192749942174436601529163624116814574006831856544256515
96479992945301031485378269046154071138994058809046993769190929888198807710524212713960480020526912376144883266155708658235578485951988896634189747866832130120183196242094622958056542852930106478317706631808179866440140130484002065696693796168884167879035236652732973027898048306077863002629211421633045680270919416181202972832122297830168967001021091898252484023377248896576581443850436251526217277276681720063444030152947792198481840207803324782688237415164261281637282696209754484794911451010963438944821062043307077079610722143637684782861108215550918751135653374094662735574119303505445007241535171785818703185
39597594526934680267559485167471249479322045196937620048328076298317906432454261936896583827337949512964189907346160310585269277250996616560308266240772063697955429205212726611737960078529972170409762820083784036705322336422536048245031277897904450846480673018831868712410025380322098347460433276782936990864253203761584435283146396135383806637436006271182008435044570097394672159206591303084126639828817914696254381297526141635149413918775591173425805814258478480326859198942215318339014256463506892964719744905983784369810698363796102505929019287838257466356792092997094428142061792581897016196212348858365763718
201159789597110098777326602652247139386804450280128519460072146641133500416710033533059813178292950499476752135593939381812618548090808211697706892494587878961636957501606886245797969258457177524439563884645055504728019704032832690738483769735060800750424974655164706656728252991341666274037666597832331421487431901297651763035617903744026318881532318832614428241212782449038669300368329058138467503976475284619289489833029962355878026420515717233416937535024067357644820777087575517664754971146619152800346656855245742444408027926832049549439743065813076260557818377910752627734055462665156270157972722829641526608
47349951428822857157450677104443128519238262865644088994622605316337581009012937136072024092257682101257810286317163395283698891258970199215256625112916437007350577802067511286717474264847973872453323691348549449695498861233759638979656712519444498399889490085453822059600691783779121521407934437486060611267071596198867558033077706804558633701371143765409750777954328548633487100265298615659818012470205752344421494524527440438256754459247533120014551522508614603289198195227141773754811031915185398295331830119262715056900617895491636735714405452712055838824123421544847041279214365772146515410252593105010402220
516514633317413683142748677856722796595870172413069268610110333750473748727915628494087636485161304788014066750028418944797259357629658470078101708360186275703604041673356614247560026509081210080896969696243033693253925212327512314081802078927954528985487235216743564800067579603750243939520871273545222849687673644739534363379447666434425878263229855035301479975574530708185852543265461225812994320476259878514240624266371084992146259437325718992710365337131225608026829920422734033776934466014409220661294263913106131808296787444237822205441274632682776686492799693691668421194524008893600468888809742885435017734
957850912935419518611650868409154875305809233112282714134070746109854481444102534688267117464177752812492672977779715154996592764837010412664160714601442165261910903231072763628268093231498213836510890636759526690998129116663575162609264241637475799725496265763066716335731656343468297365864372627939477756463168900303974509408218513148332315287270887465528290926631941411054126028476385343336507115490191243975984191114112808752900061830891607877044796780452776352274779357378978111643721968155619818938009649903519469453504106789206481873758089392334201304463502765346553609445209576488442644563578501419531382482
320771093517026057821350575558947461308907187587004495018012590462668146289739616923155693112066189952915816236398184142816820945386778613918836895754816648677227771695596055184195727133663946788359523610773588646904332007244814598159026920479247093408896062511104879188752058194732817439032109404496022803728852864003488534868798549464980007863886964992208844738677626391850499251782613650642949770444207198196597269947513982394007321386730499049370342700566703269827883780031336251933312980484271446106878661000733427404682421284008035675916071310505528468918102232854091238260368571762265231700950368712030597744
530029302093208633798724140719917298443230371340268070882094499154922293348881366475489092738539980294515732306599644961189590759714721089109370609248951962588849650139993991625537664508842644154008257960781749713867002506910957282779033865296390669657131250672422275747650137216118459066300685396492193466629145938712563493861121838546027000177192961981613632183459263707908772824161867408567270590682204546797477380242532959099461865402242647042425768371090289462496929771586756644396283812054763436572005772679509051922751243322673727531844871778343209537543986328819473677202206855058963812368745716124546852786
248251936945529239728702454331915910390495425751992490157289895106279008977810146734444398562053755258337044956929078885917383827746101164427518561898352220893821243051501532819182441338878270484293060797429055590183352399216896092016052723150545469910031608696603864647894708803256396904044560349132770212046612035772943235095784828004556679175495825927678060169953781597999333024067854166621076435369197121563569437636728925200547871880977316856777736431678192844013647977792024111828354779085065413886967264978780416541312891219152789775193727301053927577189236386991752427752103248895381556464225964812672771510
604402360339144976327572200993223755520107824537122935312247906935397229817225756030921303732410513457874880507446149121250390591354816686621221734404817453756528319431680955665398009080520238425547362669047499355810624708028756787244859270429318520729159162434742227064364952416110293802890877334633444177218954785696237818238085417192216118232712234665380333789102517085719519587189927127696712128706577346841318862817931136413519907651844589040146859452374254684334958205832332694619037785565070402707084555781697288586965470170118479043290501426894619798615627557401995774654656350571106952120675092149938521136
838574118830068097576745976346360457027109355414997859817752746444387556276208048832684852874731178628493375996720138798917673830352498833388970570653787304221431654525165060970539464345778894631175523755192368296045015634265239664823374522914251133797267155806006985404127651740829867521030955717533253409911042503805101307302388185680482361207054728377572860647944177609704368478275589963646399517420997454257162261392103956867845246586400199669718521921408623561705231421308318128270413087568286770416970509156884269989513223200385891656728882645699180940172627416264851517806926428738431385808706304367041545548
542079396410615146200244423028008132168992511705757428614138158084721882621165468683664344149152255437598713435726862771435857622345962346224157479816670730234957038866397842427678915963272283465534427668859758458355334360550813679546927893765614002822532921913785153789156153001318829582176125630079385124408615180585733870100280033702191040523391023756907033304703746334655074609264253735687527582335334583501714136305057316653156893922230857406144943351180655315855510482097279176800633679341099669403260544103431371725503637634870645966036904645238932073025738959111347546160824903740917958609686448228923456490
152410191850413596594623508325028971026600328751427265503262559655437782984239399450996483962474541860569047426369216035678741357489663195891668611707412700342732588203172542456918504765165505973702452033032777180001825878231474289093961004388974908025183529637474767069792053951569988271301470264573131020280604240353575180293158116651075502615952472463936356581621334288316268341314444325019952164356876229927505584732836074316101551093134107161872925306527261466075057771831565972127494691331820073620705555081529461197975492432168867931289502788498685964467163259376778119420558331740038347736517665462815377216
132484740044434423202901620455543888668397451534602835100256401106138004490483835649574128572899390977995340641574108763743081857175594886217581451148890335353640856487370035556689100415844652652802375542372986861679268036676098697332042332621555028845794454727850613168789981109588418417544183466730603122648615103658180168203663206128373390854848585275297603769327242011343356447728480773631655390513942596947519342958802792096069878574233854310708050460022894513262489117186559090704533602682048568833115849748888152168233448795195745477807310838500979626799086380989892147658538169892187295507316162879654854267
645487491176444678349701070451513364969246900984931631104185277645234508014084674175594896107032030479397226920117510089878870666363396736509934960560869694957743916903593064458813432041326360104601110951776716870932635165051795242016285042387339046802206298988213805906270730490314971534419038446764351474045176732563291404996627209378024890219699896228408997743585635785068365495867508672670486591418182315480402856526886633241202736581518325101245288559282806743900642156360979393473836837836815510567178177321269750202521346735497772536594232748203753898228582521411959537978992220344376050888192317361347984235
973586885961521773533263526579128256172684557352717772388488767227870749445271541004033359913571672164242062343743499573401210725533791583358461383105242223559006311701543107112585473757712991369409375745063084512592573214277407213150538372012324433528218542864238675004332969325697767469713553689873051066090808608169167148620607999773014816914108463552182444053710952053658276169055102011992818114058991111097618285557153944594183192702467428716442180507606112184672407145883852315660009053286701425140023653116374475837709268026456051997618773331612036565046440290451176570894986846805197718100324436744913898952
995174354818774395162861585581092297886699564675695322578959642403187085765434128314710426306327108943346710992938412840363336081939978553092508377501304196819744555270501997596197829204919185898575539049731074259924966692322847475247415768577343478327038256485842795442242646132931382266790083438829074049275061464011625768782431722846871889285562208642251379308623464394712580113803637251525468666717152108135916436120582978840731125058676017341874355715672966996899164470842543982233712720754662887056287928596415097755714736272824464848806491559834748896714287661813956400357765875059147635270260067069325514072
4766545946362526747334757504186039111709893180528620697153560136534700558723493325314699385410561209335418227912388925678662552564313676479993879882398031174882565611850455974591436647725137997808954144363269801917249885891547164777495499710150912029242134999890854628506098678809532345011658717844333083969666762938624132340996593632392994579968326471574022334419737695627399515999049458719769510556468199873524667895387494013482708732646711406428322376246120139182030858099397553976216747088220637716355864867984731677977543221059163039611645616705105070046836551909586320845443681455792537867994154957037238640
210738250713370964469786087140589069494410677095858544387109537319517009920355624430638705714175299232635296731355822338332092311088333270055520901907105850275353536225345368367582884708086376592423380907232852947124936178566546837585902478436907856552530837505964017745979915856585486656023141015244298448761975817300248768120099574016278139404811472752908913691502206806804562428815527211693174381686042547096192257730137247814345313542682866003778891930860166199740245221021356803502818214560667423381022925040099610730537800893745275300137399658789988799998080668918039087797045752528487412827367343443923554769
965678520887018071105890398437653826616975800015101541118338362481481184833453791188097459961863342315890376098840669832663800125709013551081622743141066382950036333876587429249103940960890809686445523482056334137270363278839492729137722186271858779969078257314196049155392346739055383184558247298877457916003231412763273491696601991326068020886752534270361001065600146830018926390270502801023145408509523548611293035654731399767853527271244712570776882047514043847881335153690159316678996405316282884339249988521802398499936741331935439264148268752185792711409580775090092701031661358683389092428743954310378054051
35252719912745338978900564451579323152623264864170138921465653728107387797720209440363818341525192388925781212921853143060440176580138200223324432159250456547864293959885284556387176541270741907816163232666250242616814620552078787872046439653624043462216433018202685276827484135276923192060426536232288777365450391625775334667875539652636762764739676033842005770435050558527669526182626116689632995197092473634726824287960339541994332367912300375409117359404066148906500308500019859241028994057361973000407532941153162718837315012751848823262574313349061996606715790371714763205540018740566298141147849490564634750
9157927174215139569632608376565829992066877900110066819531279149089602965466022317660695612863047269618995866352978094431038286724215888088968039922427528863228691312575929729833898768412272782400862633045496238101851183320726989928841228018883928473676409301542872817578684547021157299878312100840639629920915070987881214960048807398685892401607478302883640981405907001641190930266105964310895329277770827847865330864071529170636117925389636111873829686657704096878394161905403063508933060488127540505238462828118381670645546414747019529213555329278180063575745353097806891624630644461960333381149512936719610664
28145537658048989860237281792260853406183884857035422396048891710645802188950808725341156970178820985980965293182640320899598134688313445882908522570919723868498596680521252462238349549831045236711333520087186627918313736759055544390259104463134622089075860290364877050411192242582292649263370952081963710860964526422695002615736764221842086984012437706615584138967867053817244320895097300854504074225690482487507816700323683718673942774009284186666060962362249972697309700272905480180930980449436329251788045920364696109521084035260542311363468338532139757718008382083895456391869129410173578092429422632666091728
869230219533711968765216311237225818414139354304074941151131301174289452269120590260002684670287759999941048179956683615378911913956895863312307626950592059292694419840821420112626609127291689951237132471312930609801040884851519960650678933712474187181173209804526583873729832584097008584388868501172328998094535035116770482573564320941925958770914013778109694594502639935584307809148116487692479934509727106747671169191307811234902360361708496539867214049104497935872003357609842030542015047633793073466882242886012430847802788307297031418305511957657254512646940031201867290002559908665235159321969189950160139342
87574637001212937381297124509940868150250830818510702631519500122419887338788842886342842656277078187195405044774750045887615252247180588014412791911333225201665223718225114296531703593001260577826272978533479573801227195930915444859998335491551833166079378035029346009928578154926022237130044233482935230626193308457731604356886130664278517007905477782550006108423821130541571205909348175697784703644420833517966428925113614247904100791984019929994140312183370234572525118745594862302009390358434759792325898563812155997977415525878848741471466395800247895767939005963964843512756322145401475226634860931873108620
318050522077911463200511702757157315461268887917465830485382538545427301815255979183128551099003086893314479036752449419610862396315255256035119159044697161797979517234483564434769677391848104027810905443239439840196710236746436781102513119134408141880870043717012355394625795067008142655641398107664399788250693884668880939539930874936357774124647986267553589460678279147199051311070555802663265795108083716959008117665899617739037226982483964064792398192475795525736940660758606337095591707628065352796046590540433445996228868920897867574883027674906908217182325171015864570537054471622856202441415209942322225783
648728910617212402908337263309422942586399840063405638772342783612935191821454613480769405276826530760845980801624513651472977225268904869619582101861060391080801001134386278610635800242949973346755773205674727138911124573617316224445364086721042455552868330439273585785866699539631503197096296678559793717022809650146246482896952203955377897501380867634804496262446523234141671683551991523128542650956176183552938166352878266509319588025531689426331738952987935402274775881357616935626789189132961233443251933979441639733293632455801639631808157551534810158707064407205321778152579306576166519590002631316703871376
7702422368013082121791785414674112423556781803954395567286276790354282739242474689689806924132786930108692227660272062556904206396636319119792947545288358049743674538584438681429116995071828872014905467272535230362147039603563746562763930510024266634387313248158238219508970011005890612315642017249367499558707957240691369865068310224844362716726125293202343760074094145982896676023945352193301788712143419826487582832323075204502709048577061979940887951050779110253169524399294405520052419807225299155770724987507679068633543108573253507815424739119302086671819168759444679728471945829252702385958152425548530266
215742313868725773249637176874929863077284421407317700605833252436981284355597400223115441941559220500103839968502575935722550966402478047224809454333063693517857490928444362304844244481958194131517931317954477057502149437779440277193913898992265986782795072247272180283794302329798897892417349612115457722184753403581612735483040059206443037947433142726424965704425820540787781435713613083878059871742239633664717709700513161727078605447797670152291336779179326591498164548374879115663492474054150384197608769733613657334192204559784894521966757453796702474317023121211917607108018954122494657566945275571803663414
453905060747399708447275436452342440124263700372464094905058713975742075192348946083549231947767357157869768674634134444187514996811579851056001380254107669458920743391971504419020508756800849256293891167297976274326665319441048819767252248077317326810411046818214093814870639883203023035473156291887188843219447346768118384161130688764822611603695563987595217850743211004562994497427682080336811999891176381013797128714913739155102456972738974586659169014927719024524514369860286670934743666795239413094968680157694457296878378898061033816435494344936806349632992462121129337622481231545315672527702892730729755957
